prompt	generated_token_ids	escaped_generated_text	valid_utf8	printable	controls	word_like	token_reuse	immediate_repetition	repeated_word_trigrams
"the "	[109, 276, 109, 270, 109, 270, 109, 270, 260, 276, 331, 109]	"mesmy my my ines, and m"	true	1.0	0.0	1.0	0.5833333333333334	0.0	0.0
"this "	[260, 267, 260, 292, 10, 10, 10, 10, 10, 10, 10, 10]	"in, init\u{000a}\u{000a}\u{000a}\u{000a}\u{000a}\u{000a}\u{000a}\u{000a}"	true	0.5	0.5	1.0	0.6666666666666666	0.6363636363636364	0.0
"what "	[109, 270, 260, 276, 10, 10, 10, 10, 10, 10, 10, 10]	"my ines\u{000a}\u{000a}\u{000a}\u{000a}\u{000a}\u{000a}\u{000a}\u{000a}"	true	0.4666666666666667	0.5333333333333333	1.0	0.5833333333333334	0.6363636363636364	0.0
"why "	[260, 276, 267, 260, 276, 10, 10, 10, 10, 10, 10, 10]	"ines, ines\u{000a}\u{000a}\u{000a}\u{000a}\u{000a}\u{000a}\u{000a}"	true	0.5882352941176471	0.4117647058823529	1.0	0.6666666666666666	0.5454545454545454	0.0
"how "	[109, 276, 115, 307, 109, 270, 109, 270, 260, 276, 331, 109]	"mess a my my ines, and m"	true	1.0	0.0	1.0	0.4166666666666667	0.0	0.0
"jade "	[109, 270, 260, 276, 10, 10, 10, 10, 10, 10, 10, 10]	"my ines\u{000a}\u{000a}\u{000a}\u{000a}\u{000a}\u{000a}\u{000a}\u{000a}"	true	0.4666666666666667	0.5333333333333333	1.0	0.5833333333333334	0.6363636363636364	0.0
"the computer "	[109, 276, 10, 10, 10, 10, 10, 10, 10, 10, 10, 10]	"mes\u{000a}\u{000a}\u{000a}\u{000a}\u{000a}\u{000a}\u{000a}\u{000a}\u{000a}\u{000a}"	true	0.23076923076923078	0.7692307692307693	1.0	0.75	0.8181818181818182	0.0
"once upon "	[260, 101, 331, 109, 276, 331, 109, 276, 331, 109, 270, 109]	"ine, and mes, and mes, and my m"	true	1.0	0.0	1.0	0.5	0.0	0.16666666666666666
"because "	[260, 101, 109, 276, 10, 10, 10, 10, 10, 10, 10, 10]	"inemes\u{000a}\u{000a}\u{000a}\u{000a}\u{000a}\u{000a}\u{000a}\u{000a}"	true	0.42857142857142855	0.5714285714285714	1.0	0.5833333333333334	0.6363636363636364	0.0
"if the "	[260, 292, 10, 324, 10, 10, 10, 10, 10, 324, 10, 10]	"init\u{000a}\u{201c}\u{000a}\u{000a}\u{000a}\u{000a}\u{000a}\u{201c}\u{000a}\u{000a}"	true	0.42857142857142855	0.5714285714285714	0.3333333333333333	0.6666666666666666	0.45454545454545453	0.0
