101 32
116 104
32 97
32 257
105 110
101 114
115 32
116 32
100 32
111 110
101 110
44 32
32 32
259 256
121 32
111 114
111 117
111 102
97 110
258 110
101 115
97 114
116 111
116 105
226 128
114 101
260 103
104 97
108 108
46 32
32 115
99 104
97 116
101 264
275 264
105 115
105 116
268 268
111 109
278 32
110 111
273 32
101 100
119 104
261 32
259 101
279 265
97 108
98 101
282 32
97 115
258 32
108 105
119 105
105 262
112 114
115 101
105 114
108 101
46 10
111 115
118 256
108 270
104 256
102 271
117 115
117 114
32 109
280 156
280 157
99 265
111 119
119 97
108 256
121 272
44 290
100 105
309 257
116 114
97 263
105 263
118 261
293 293
101 262
73 32
103 104
273 269
105 109
111 32
117 110
101 99
275 100
101 109
266 32
266 116
260 32
284 32
97 99
101 10
105 99
97 98
116 261
271 32
105 100
296 263
101 120
101 277
112 261
97 109
105 108
97 302
259 335
261 256
328 262
97 103
44 10
99 256
102 114
280 153
105 287
283 317
98 117
101 108
101 267
111 100
325 32
115 116
115 267
117 108
112 108
111 108
299 375
97 100
256 257
266 263
272 108
97 284
99 294
110 101
280 148
97 107
97 260
98 256
111 257
274 32
301 10
272 110
303 32
276 115
111 112
258 114
260 269
44 347
113 117
117 99
258 262
373 294
104 310
265 32
279 109
99 101
391 264
105 102
119 283
121 267
59 32
84 319
101 116
114 105
110 32
100 291
102 102
272 114
296 119
338 338
117 287
121 10
313 32
111 111
84 104
265 103
278 269
100 101
107 32
274 100
97 32
265 256
274 116
97 112
108 97
111 118
112 277
115 104
121 258
271 256
273 10
276 262
281 99
302 32
333 32
103 114
116 101
117 109
117 116
285 73
115 10
276 263
341 116
102 101
104 261
257 256
258 286
330 114
345 100
346 116
101 118
109 270
112 111
283 262
291 104
312 108
316 256
337 270
406 256
87 283
97 270
107 429
377 263
387 32
115 105
117 112
257 261
259 288
260 99
272 263
294 256
301 109
109 101
258 284
272 116
274 264
301 433
99 97
100 114
109 274
115 256
116 116
278 10
286 97
301 270
316 263
109 450
119 271
272 341
274 103
283 264
320 32
330 32
46 381
104 343
111 98
115 112
258 99
285 65
298 267
102 97
105 112
112 316
115 97
115 319
119 277
257 300
258 263
260 100
277 105
281 109
292 116
374 262
98 121
108 121
119 32
259 310
267 299
276 116
279 99
286 101
98 114
98 270
101 263
104 300
108 111
308 107
332 427
356 329
366 32
389 256
402 100
468 32
44 259
100 111
104 101
108 436
110 288
116 269
119 101
262 297
304 349
326 116
101 285
102 105
103 266
104 327
109 506
117 281
117 312
118 530
119 306
277 256
283 112
399 261
44 269
102 32
105 341
108 532
112 271
115 285
119 256
258 98
281 288
287 510
291 116
292 262
395 95
434 107
579 329
44 258
98 108
102 313
102 384
105 265
109 256
115 334
116 322
119 417
263 297
265 318
266 100
283 118
309 352
328 121
364 256
498 321
100 276
105 118
115 111
117 263
121 362
266 10
286 104
288 256
292 270
294 101
296 116
299 344
399 300
95 315
97 264
99 274
99 306
105 284
115 263
115 344
258 103
258 115
265 269
272 262
295 398
325 10
326 332
419 263
469 261
33 32
44 411
102 260
102 281
105 279
109 32
111 284
115 117
118 276
119 368
274 99
282 269
311 111
340 369
356 314
377 116
412 32
412 269
418 32
431 32
634 302
99 400
108 306
109 261
109 481
258 108
262 273
266 372
276 267
277 32
277 270
278 286
298 10
311 260
321 116
325 504
340 376
386 100
558 322
49 56
65 110
65 308
77 272
97 118
101 337
108 277
109 396
110 103
111 121
115 331
115 606
116 396
256 297
257 32
258 10
260 10
261 262
275 32
275 270
281 388
292 121
292 256
298 269
320 269
323 270
327 110
347 10
430 430
514 588
548 261
566 261
58 32
59 290
87 104
97 287
97 351
98 589
99 288
99 321
99 428
101 105
104 362
105 264
108 260
111 99
112 101
115 491
116 119
118 303
259 274
259 477
261 118
273 102
279 118
285 422
296 32
299 266
304 266
306 116
311 276
311 380
343 303
385 353
385 443
410 107
593 626
737 410
33 381
39 262
65 32
95 32
99 114
99 384
99 402
99 417
100 265
101 318
102 357
112 112
115 279
115 290
115 431
117 100
117 262
277 100
279 317
283 100
285 72
285 435
286 116
289 295
308 463
311 489
323 274
327 425
333 269
334 105
374 263
392 270
415 256
578 263
594 32
598 110
70 114
97 121
98 111
99 261
99 277
99 424
100 261
101 315
101 371
103 256
105 103
111 337
115 617
116 10
116 300
116 397
257 101
258 352
267 324
267 483
273 116
276 256
285 66
286 111
286 491
288 289
294 32
304 103
308 102
309 284
320 256
393 112
428 32
460 263
509 32
534 116
678 372
98 281
99 322
99 392
100 344
103 111
105 339
105 463
105 631
108 452
110 346
114 97
116 115
116 262
116 265
116 289
122 97
264 297
274 263
274 372
275 738
285 83
291 10
299 101
299 111
304 116
311 404
312 348
326 115
332 453
333 10
353 107
355 107
359 269
394 119
394 536
416 112
419 314
476 102
480 329
519 32
526 100
567 32
706 390
41 32
44 307
68 277
69 82
97 313
99 314
101 112
103 281
103 584
108 327
109 265
109 266
109 288
112 104
112 281
114 276
258 109
266 279
266 416
267 73
273 307
278 111
282 10
285 340
291 256
291 307
304 10
304 305
305 295
308 464
321 263
348 98
359 256
361 116
361 363
384 116
386 264
408 10
415 339
457 284
460 110
469 300
480 314
515 32
547 256
583 490
607 256
672 849
679 501
717 527
44 367
46 633
69 308
77 291
97 352
98 271
98 329
99 108
99 643
100 346
101 270
101 306
102 364
105 101
110 355
110 362
111 10
114 117
114 327
115 121
115 343
115 445
115 728
116 117
117 256
258 100
258 502
258 559
259 260
259 282
260 307
266 99
266 103
267 358
272 115
273 401
281 264
281 306
285 78
287 277
311 516
312 267
314 306
320 109
322 256
324 73
336 310
336 369
348 350
350 262
356 365
361 112
363 102
363 115
363 574
370 110
370 256
391 100
393 256
418 355
435 368
457 352
471 300
473 260
476 577
492 32
508 107
641 276
749 730
826 404
832 304
862 99
912 980
32 297
45 45
63 32
67 294
73 78
95 10
97 10
97 262
98 321
99 444
105 122
105 317
107 529
108 117
108 475
109 277
109 390
110 364
110 452
110 458
111 380
112 266
112 322
114 345
114 353
115 315
115 347
116 305
116 318
117 257
118 300
119 114
121 290
121 544
257 282
257 305
257 335
258 755
259 368
259 801
260 357
